0 0.701562 0.075833 0.077083 0.108333
1 0.536719 0.770000 0.069271 0.123333
2 0.609635 0.423750 0.083854 0.122500
0 0.609635 0.310833 0.069271 0.080000
1 0.338021 0.692500 0.051042 0.068333
2 0.523438 0.408333 0.086458 0.086667
0 0.638281 0.679583 0.091146 0.067500
1 0.348958 0.560417 0.057292 0.104167
2 0.427344 0.067500 0.057813 0.086667
0 0.332813 0.106667 0.055208 0.085000
1 0.418490 0.740833 0.039062 0.083333
2 0.559115 0.122500 0.064062 0.080000
0 0.381250 0.257917 0.038542 0.067500
1 0.407552 0.880000 0.052604 0.081667
2 0.642188 0.508333 0.056250 0.133333
0 0.409635 0.505417 0.047396 0.100833
1 0.480208 0.154167 0.061458 0.118333
0 0.464062 0.345000 0.059375 0.101667
1 0.534115 0.595000 0.061979 0.096667
