0 0.625000 0.772500 0.075000 0.120000
1 0.490625 0.497083 0.078125 0.127500
2 0.510938 0.880417 0.057292 0.147500
0 0.592969 0.545833 0.086979 0.105000
1 0.278906 0.077500 0.045312 0.080000
0 0.383854 0.387083 0.044792 0.172500
1 0.317708 0.413750 0.058333 0.095833
0 0.415365 0.209167 0.048438 0.080000
1 0.314063 0.631667 0.071875 0.131667
0 0.463802 0.037083 0.063021 0.070833
1 0.520052 0.331250 0.061979 0.092500
0 0.476302 0.688750 0.071354 0.135833
1 0.679167 0.430417 0.064583 0.107500
0 0.603646 0.248750 0.115625 0.077500
1 0.660937 0.017917 0.041667 0.034167
0 0.541146 0.055417 0.059375 0.109167
1 0.323177 0.207500 0.057813 0.118333
