0 0.660937 0.397500 0.076042 0.113333
1 0.515104 0.693333 0.091667 0.103333
0 0.345833 0.052500 0.054167 0.103333
1 0.668490 0.641667 0.079687 0.181667
0 0.434635 0.629167 0.076563 0.076667
1 0.300000 0.482917 0.062500 0.075833
0 0.588281 0.752500 0.077604 0.100000
1 0.355469 0.337083 0.074479 0.090833
0 0.377344 0.192917 0.056771 0.087500
1 0.351042 0.686667 0.054167 0.103333
0 0.452865 0.397500 0.040104 0.100000
1 0.411198 0.897083 0.066146 0.099167
0 0.564063 0.552500 0.064583 0.108333
1 0.568229 0.319583 0.056250 0.097500
0 0.640104 0.151250 0.060417 0.122500
1 0.453906 0.287917 0.068229 0.095833
0 0.505469 0.120833 0.071354 0.101667
1 0.469531 0.798333 0.067187 0.076667
0 0.376823 0.522083 0.055729 0.090833
