0 0.347396 0.293750 0.059375 0.119167
1 0.355990 0.570417 0.059896 0.124167
0 0.498177 0.287917 0.093229 0.179167
1 0.294271 0.484167 0.041667 0.080000
0 0.410156 0.445000 0.065104 0.068333
1 0.348958 0.785000 0.047917 0.091667
0 0.446354 0.643333 0.047917 0.116667
1 0.492188 0.051667 0.043750 0.101667
0 0.509115 0.492917 0.055729 0.112500
1 0.476823 0.803750 0.059896 0.124167
0 0.559635 0.615833 0.046354 0.071667
1 0.600521 0.327083 0.065625 0.095833
0 0.605990 0.770417 0.070312 0.092500
1 0.653125 0.628750 0.048958 0.100833
1 0.676823 0.440833 0.066146 0.110000
1 0.686719 0.215833 0.052604 0.066667
