0 0.333333 0.524583 0.066667 0.144167
1 0.338542 0.740833 0.079167 0.106667
2 0.630990 0.274583 0.078646 0.140833
0 0.461979 0.654583 0.094792 0.120833
1 0.597396 0.090417 0.070833 0.099167
2 0.344010 0.320417 0.026562 0.080833
0 0.420833 0.218333 0.071875 0.083333
1 0.301042 0.406250 0.046875 0.119167
2 0.447917 0.425833 0.059375 0.096667
0 0.570052 0.640417 0.066146 0.057500
1 0.410677 0.069167 0.055729 0.068333
2 0.521615 0.205000 0.047396 0.123333
1 0.533333 0.487083 0.042708 0.062500
2 0.525781 0.386250 0.039062 0.057500
2 0.628906 0.496667 0.059896 0.073333
