5 0.261979 0.603333 0.030208 0.026667
5 0.254948 0.432083 0.042188 0.240833
5 0.237760 0.786250 0.165104 0.239167
5 0.623437 0.735417 0.157292 0.140833
5 0.735156 0.656667 0.067187 0.090000
5 0.666406 0.774167 0.124479 0.213333
5 0.695573 0.560000 0.288021 0.130000
5 0.595833 0.529583 0.153125 0.297500
5 0.690104 0.325833 0.296875 0.135000
5 0.859635 0.365833 0.064062 0.043333
5 0.850260 0.488333 0.133854 0.121667
5 0.814323 0.247083 0.072396 0.085833
5 0.710938 0.217500 0.138542 0.110000
5 0.726042 0.460417 0.081250 0.044167
5 0.616667 0.240000 0.130208 0.040000
5 0.544271 0.336250 0.075000 0.120833
5 0.466667 0.301250 0.087500 0.102500
5 0.668229 0.470000 0.047917 0.048333
5 0.755990 0.838333 0.063021 0.101667
