5 0.103125 0.267500 0.200000 0.313333
5 0.092708 0.573333 0.102083 0.278333
5 0.192188 0.577500 0.143750 0.316667
5 0.289583 0.326250 0.164583 0.554167
5 0.477083 0.737917 0.453125 0.285833
5 0.288281 0.676667 0.032813 0.040000
5 0.327083 0.871250 0.102083 0.189167
5 0.468229 0.893333 0.245833 0.108333
5 0.735156 0.652083 0.247396 0.507500
5 0.734896 0.305000 0.179167 0.465000
5 0.594010 0.405833 0.190104 0.426667
5 0.511198 0.319167 0.158854 0.218333
5 0.510417 0.159167 0.107292 0.111667
5 0.613021 0.480000 0.125000 0.295000
5 0.516146 0.345417 0.340625 0.580833
