5 0.147135 0.220833 0.115104 0.238333
5 0.230729 0.187917 0.057292 0.045833
5 0.353385 0.152500 0.134896 0.155000
5 0.318490 0.284583 0.045312 0.090833
5 0.266146 0.427083 0.081250 0.339167
5 0.179167 0.372500 0.087500 0.128333
5 0.189583 0.478333 0.087500 0.065000
5 0.158854 0.591667 0.073958 0.108333
5 0.160156 0.736667 0.088021 0.145000
5 0.196354 0.860833 0.082292 0.093333
5 0.295312 0.759167 0.117708 0.156667
5 0.232031 0.595417 0.040104 0.074167
5 0.337760 0.649167 0.055729 0.136667
5 0.348958 0.421667 0.064583 0.135000
5 0.429427 0.601667 0.109896 0.176667
5 0.429948 0.771250 0.045312 0.067500
5 0.371094 0.869583 0.146354 0.089167
5 0.486979 0.852500 0.032292 0.125000
5 0.543750 0.769583 0.047917 0.209167
5 0.694792 0.882500 0.071875 0.110000
5 0.650260 0.770000 0.118229 0.078333
5 0.643229 0.645000 0.130208 0.130000
5 0.523177 0.559583 0.098437 0.139167
5 0.538802 0.437083 0.099479 0.085833
5 0.632552 0.170417 0.092188 0.090833
5 0.419010 0.262500 0.049479 0.083333
5 0.439583 0.373750 0.082292 0.085833
5 0.610938 0.320000 0.253125 0.138333
5 0.649219 0.509583 0.073438 0.164167
5 0.750781 0.452917 0.076563 0.119167
5 0.716146 0.376667 0.036458 0.043333
5 0.900781 0.260417 0.089063 0.215833
5 0.892448 0.470417 0.081771 0.145833
5 0.901823 0.645833 0.097396 0.133333
5 0.890885 0.830000 0.085938 0.140000
5 0.803385 0.722500 0.085938 0.141667
5 0.808333 0.315000 0.075000 0.138333
5 0.523438 0.265000 0.168750 0.226667
