5 0.215885 0.275833 0.168229 0.221667
5 0.413281 0.279583 0.188021 0.317500
5 0.588281 0.212083 0.108854 0.190833
5 0.596094 0.404583 0.139063 0.167500
5 0.660937 0.559583 0.073958 0.234167
5 0.607292 0.615417 0.213542 0.250833
5 0.411979 0.491250 0.126042 0.134167
5 0.268750 0.536667 0.102083 0.135000
5 0.223958 0.722083 0.102083 0.140833
5 0.338021 0.755417 0.105208 0.184167
5 0.363021 0.664167 0.100000 0.155000
5 0.431250 0.821250 0.052083 0.227500
5 0.466927 0.677917 0.048438 0.199167
5 0.147917 0.508333 0.054167 0.170000
