5 0.158594 0.630833 0.170313 0.145000
5 0.300260 0.670833 0.082812 0.125000
5 0.272396 0.749583 0.239583 0.034167
5 0.389323 0.586667 0.101562 0.263333
5 0.502083 0.638333 0.144792 0.146667
5 0.513281 0.758333 0.164062 0.093333
5 0.684375 0.645833 0.105208 0.170000
5 0.727865 0.730417 0.363021 0.215833
5 0.721875 0.863333 0.127083 0.160000
5 0.720573 0.862917 0.123438 0.159167
5 0.863281 0.842917 0.151562 0.215833
5 0.803385 0.535417 0.164062 0.144167
5 0.391927 0.912500 0.282813 0.141667
5 0.188281 0.835000 0.138021 0.145000
