1 0.365885 0.261250 0.072396 0.125833
1 0.365625 0.105000 0.066667 0.095000
1 0.374740 0.514167 0.068229 0.095000
1 0.397396 0.399167 0.054167 0.098333
1 0.395052 0.656667 0.064062 0.071667
1 0.465885 0.203750 0.041146 0.057500
1 0.482031 0.308333 0.052604 0.090000
1 0.507812 0.608750 0.063542 0.115833
1 0.536198 0.392917 0.072396 0.117500
1 0.563281 0.168750 0.058854 0.102500
1 0.611979 0.659583 0.053125 0.095833
1 0.641667 0.303750 0.066667 0.119167
1 0.661198 0.505417 0.061979 0.104167
1 0.675781 0.163750 0.044271 0.075833
