0 0.323177 0.384583 0.089063 0.114167
0 0.489063 0.646667 0.053125 0.208333
0 0.587500 0.203750 0.047917 0.189167
0 0.509635 0.475417 0.083854 0.109167
0 0.614844 0.043333 0.071354 0.083333
0 0.338281 0.161667 0.067187 0.091667
0 0.370052 0.675000 0.077604 0.131667
0 0.395313 0.283333 0.055208 0.051667
0 0.482031 0.129583 0.070312 0.047500
0 0.515885 0.251250 0.074479 0.094167
0 0.546094 0.620000 0.066146 0.125000
0 0.612760 0.502917 0.078646 0.097500
0 0.688802 0.231667 0.040104 0.108333
0 0.383854 0.505833 0.062500 0.053333
0 0.498437 0.360417 0.045833 0.079167
