0 0.343490 0.470000 0.032813 0.135000
0 0.372656 0.551250 0.053646 0.150833
0 0.451562 0.271250 0.081250 0.214167
0 0.501042 0.542917 0.081250 0.119167
0 0.609635 0.143333 0.092188 0.148333
0 0.348438 0.244583 0.092708 0.125833
0 0.417448 0.699583 0.105729 0.092500
0 0.579688 0.731667 0.089583 0.111667
0 0.443490 0.087083 0.064062 0.110833
0 0.599219 0.558333 0.086979 0.075000
0 0.645833 0.452917 0.068750 0.125833
0 0.558854 0.345833 0.030208 0.158333
0 0.441406 0.478750 0.084896 0.050833
0 0.525000 0.129583 0.064583 0.052500
