1 0.495573 0.094167 0.069271 0.121667
1 0.673698 0.462500 0.074479 0.126667
1 0.343229 0.362083 0.056250 0.087500
1 0.366667 0.550000 0.050000 0.106667
1 0.406510 0.211667 0.059896 0.106667
1 0.419531 0.416667 0.065104 0.101667
1 0.459635 0.305833 0.058854 0.078333
1 0.460677 0.613333 0.045312 0.060000
1 0.538802 0.408750 0.039062 0.060833
1 0.526563 0.529167 0.044792 0.071667
1 0.525000 0.710833 0.033333 0.051667
1 0.594010 0.619583 0.056771 0.070833
1 0.623177 0.228333 0.052604 0.111667
1 0.608333 0.410417 0.037500 0.089167
1 0.668750 0.651250 0.055208 0.085833
1 0.566406 0.264167 0.030729 0.066667
