2 0.334635 0.398750 0.096354 0.142500
2 0.476823 0.337083 0.094271 0.170833
2 0.425521 0.690833 0.087500 0.110000
2 0.509375 0.621667 0.047917 0.208333
2 0.592708 0.591667 0.076042 0.183333
2 0.666667 0.534583 0.079167 0.157500
2 0.387760 0.233750 0.095312 0.112500
2 0.640885 0.182917 0.122396 0.115833
2 0.323437 0.186250 0.045833 0.084167
2 0.389583 0.541667 0.043750 0.108333
2 0.520312 0.062500 0.051042 0.065000
2 0.584375 0.333750 0.065625 0.132500
2 0.678385 0.315000 0.051562 0.128333
2 0.411719 0.029583 0.051562 0.057500
